% Parameters of the model and their values

% AlpaIme1=0.0004; AlpaIme2=1.90; AlpaCln3=6.74; AlpaRpd3Sin3=1.2859; BetaIme1=17; BetaIme2=40.92; BetaCln3=106.612; n1=2.8; KIme11=10; 
% KIme22=40.8; KN2=2.550; KIme12=4.65; KRpd3=33.0; GammaPIme2=20.76; KPIme2=80.1408; dIme2=0.1490; dIme1=0.02800; KN2Cln3=19.4; 
% GammaPCdk1=50.1; KPIme2Cdk1=100.9868; dCln3=0.2999078; dRpd3=0.01337; n2=2.8;
% n3=2.06; n4=0.5679; n5=2.8; n6=2.80308; n7=2.846; n8=2.8; 
% 
% % BetaCln3=106.612;AlpaCln3=66.74; %Cln3 Overexpression
% 
% KCln3Ime1=70.3250; n9=2.8; GammaPIme1Cln3=1.1384; n10=2.0;
% KPIme1Cln3=125.9868;
% 
% KRpd3Ime1=105.3; n12=2.8; n18=0.8;
% xo=100;yo=100;zo=100;po=100;no=6;
% % xini=10;yini=0;zini=0;pini=60;nini=1;
%  N2=0.06;

AlpaIme1=0.0004;  % ?_fIme1 
AlpaIme2=1.90;  % ?_fIme2
AlpaCln3=6.74;  % ?_Cln3
AlpaRpd3Sin3=1.2859; % ?_Rpd3Sin3
BetaIme1=17; % ?_fIme1
BetaIme2=40.92; % ?_fIme2
BetaCln3=106.612;% ?_(Cdk1\Cln3) 
KIme11=10; % K_fIme11
KN2=2.550; % K_(N_2 )
dIme1=0.02800;% d_fIme1
n1=2.8; % n_1
n2=2.8; % n_2

KIme22=40.8; % K_fIme22
KIme12=4.65; % K_fIme12
KRpd3=33.0; % K_(Rpd3\Sin3)
KCln3Ime1=70.3250; % K_(Cdk1\Cln3)
KRpd3Ime1=105.3; % K_Rpd3SIme1

GammaPIme2=20.76; % ?_PIme2
KPIme2=80.1408; % K_p

n3=2.06; % n_3
n4=0.5679; % n_4
n5=2.8; % n_5
n6=2.80308; % n_6
dIme2=0.1490; % d_fIme2
KN2Cln3=19.4; % K_(N_2 Cln3)
n7=2.846; % n_7
GammaPCdk1=50.1; % ?_PCdk1Cln3
GammaPIme1Cln3=1.1384; % ?_PIme1Cln3
KPIme2Cdk1=100.9868; % K_PIme2Cdk1
KPIme1Cln3=125.9868; % K_(PIme1Cdk1\Cln3)
n8=2.8; % n_8
n9=2.8; % n_9
n10=2.0; % n_10
n11=2.8;%n_11
n12=0.8;%n_12
n13=37;%n_13
n14=0.06;%n_14
n15=0.01;%n_15
dCln3=0.2999078; % d_Cln3
dRpd3=0.05348; % d_Rpd3Sin3
xo=100; % ?fIme1?_o
yo=100; % ?fIme2?_o
no=6; % N_2o
zo=100; % ?Sin3/Rpd3?_o
po=100; % ?Cdk1/Cln3?_o

N2=0.06; % nitrogen level for meiosis initation
